R1 = [1 0 0 0; 0 cosd(90) -sind(90) 5; 0 sind(90) cosd(90) 6; 0 0 0 1];
R2 = [cosd(-60) -sind(-60) 0 0; sind(-60) cosd(-60) 0 0; 0 0 1 0; 0 0 0 1;];

R = R1*R2;